 3.08579746e+00 7.29373786e+00 1.00000000e+00
 -7.25005164e+00 -2.64717519e+00 1.00000000e+00
 -9.42675976e+00 3.82568907e-01 1.00000000e+00
 -1.03202580e+00 4.98643109e+00 -1.00000000e+00
 7.56731907e+00 -1.36764040e+00 1.00000000e+00
 -2.27175158e+00 -5.21734458e+00 1.00000000e+00
 6.75936305e+00 -5.96070582e+00 1.00000000e+00
 -5.72599826e-02 1.34863687e+00 -1.00000000e+00
 -1.83796433e+00 -3.98446197e+00 1.00000000e+00
 3.83132595e+00 -4.29998211e+00 1.00000000e+00
 -4.94792315e+00 -8.89342457e-01 1.00000000e+00
 -8.73503311e+00 7.53190871e+00 1.00000000e+00
 7.86224157e+00 -4.88164614e+00 1.00000000e+00
 -4.24129862e-01 -2.82452500e+00 -1.00000000e+00
 3.48623681e+00 4.26942126e+00 -1.00000000e+00
 4.76891654e+00 1.23765238e-01 -1.00000000e+00
 -2.73352828e+00 4.13492867e+00 -1.00000000e+00
 -4.32881266e+00 -8.41147408e-01 -1.00000000e+00
 -7.36935883e+00 7.81371518e+00 1.00000000e+00
 -3.99893108e+00 4.74085887e+00 1.00000000e+00
 2.92746400e+00 -1.85857465e+00 -1.00000000e+00
 -3.52805067e+00 5.82587212e+00 -1.00000000e+00
 2.46427752e+00 6.37828706e+00 -1.00000000e+00
 -7.38227806e+00 -7.14430803e+00 1.00000000e+00
 3.23404963e+00 2.31745278e+00 -1.00000000e+00
 4.94456727e+00 8.54965224e+00 1.00000000e+00
 -9.94800366e+00 3.88296662e+00 1.00000000e+00
 -1.10851038e+00 6.79748467e+00 -1.00000000e+00
 -5.66385982e+00 1.74792488e+00 1.00000000e+00
 5.52743490e+00 7.98150741e+00 1.00000000e+00
 7.91155746e+00 -5.93118154e+00 1.00000000e+00
 5.65271539e+00 -4.12790468e+00 1.00000000e+00
 -9.65211041e+00 4.57290845e+00 1.00000000e+00
 8.68614786e+00 -8.62143576e+00 1.00000000e+00
 -9.93386678e+00 4.87837835e+00 1.00000000e+00
 1.40855964e+00 4.58084634e+00 1.00000000e+00
 5.16026200e+00 7.12270743e+00 -1.00000000e+00
 -9.12831490e+00 -2.04431645e+00 1.00000000e+00
 4.58620938e+00 1.44418906e+00 -1.00000000e+00
 -5.47809015e+00 -3.90683946e+00 1.00000000e+00
 3.37076129e+00 -7.64400859e+00 1.00000000e+00
 2.96229701e+00 4.01635567e+00 -1.00000000e+00
 -9.51491825e-01 -1.93527444e+00 -1.00000000e+00
 3.99831624e-02 8.16159202e+00 1.00000000e+00
 3.54876099e+00 1.43452216e+00 -1.00000000e+00
 4.74312749e+00 -3.25529857e+00 -1.00000000e+00
 6.28427158e+00 -8.88418134e-01 -1.00000000e+00
 7.01051278e+00 1.08795095e+00 -1.00000000e+00
 -3.71225856e+00 -9.45426244e+00 1.00000000e+00
 -3.39788956e-01 8.07002720e+00 -1.00000000e+00
 8.05505017e+00 -9.63726718e+00 1.00000000e+00
 -2.27079841e+00 -9.61390171e+00 1.00000000e+00
 -6.11656258e+00 -3.14775966e+00 1.00000000e+00
 -1.56052190e+00 9.64206831e+00 1.00000000e+00
 8.76203963e-01 4.23077128e+00 -1.00000000e+00
 6.39260663e+00 -5.53998112e-01 1.00000000e+00
 -1.68031772e-01 -8.10447074e+00 1.00000000e+00
 7.96982494e+00 -9.03084494e+00 1.00000000e+00
 9.40452033e+00 5.89064292e+00 1.00000000e+00
 -8.59082376e-01 6.11842829e-01 -1.00000000e+00
 -6.35832208e+00 -4.72209837e+00 1.00000000e+00
 -6.52451994e+00 -6.43364288e+00 1.00000000e+00
 -9.34994677e+00 -8.66840502e+00 1.00000000e+00
 -1.61867431e+00 3.05482386e+00 -1.00000000e+00
 -7.83322140e+00 -1.41398065e-01 1.00000000e+00
 -1.18425091e+00 -1.06896290e+00 -1.00000000e+00
 2.78626458e+00 6.43800458e+00 -1.00000000e+00
 -9.96916441e+00 1.61117470e+00 1.00000000e+00
 6.23121104e+00 -9.97132192e-01 1.00000000e+00
 8.64858863e+00 5.91996969e+00 1.00000000e+00
 6.35739877e+00 4.15236388e+00 -1.00000000e+00
 3.42587367e+00 -5.31498757e+00 -1.00000000e+00
 4.05775065e+00 3.12478462e+00 -1.00000000e+00
 -5.59659006e+00 -7.64572814e+00 1.00000000e+00
 -6.64103029e+00 5.26488372e+00 1.00000000e+00
 -2.66322675e+00 3.59286197e+00 -1.00000000e+00
 7.56047918e+00 -5.43233323e+00 1.00000000e+00
 6.79020638e+00 5.93270463e+00 1.00000000e+00
 -1.48371208e+00 2.96142086e+00 -1.00000000e+00
 -9.66040835e+00 5.96973194e+00 1.00000000e+00
 3.56095778e+00 1.60129208e-01 1.00000000e+00
 -3.75267117e+00 -7.73803791e+00 1.00000000e+00
 9.91906423e+00 7.69403711e+00 1.00000000e+00
 -7.98567347e+00 -5.33213063e+00 1.00000000e+00
 4.15113562e+00 -5.27927839e+00 1.00000000e+00
 5.74500232e-01 -5.64165756e-01 -1.00000000e+00
 8.35028386e+00 -9.13119296e+00 1.00000000e+00
 1.72159989e+00 -7.59382020e+00 1.00000000e+00
 8.82527528e+00 9.84470294e+00 1.00000000e+00
 -5.16247910e-01 -8.43680129e+00 1.00000000e+00
 2.48256820e-01 8.85015996e+00 1.00000000e+00
 8.58994815e+00 -9.37879195e+00 1.00000000e+00
 -1.78164939e+00 -4.49626776e+00 1.00000000e+00
 8.89493008e+00 9.09352701e+00 1.00000000e+00
 6.04108399e+00 5.05485447e+00 -1.00000000e+00
 7.98941146e+00 9.40991613e+00 1.00000000e+00
 1.95506810e+00 -6.33423794e+00 1.00000000e+00
 5.98054045e+00 7.64726298e+00 1.00000000e+00
 1.34089114e+00 -4.79803864e+00 1.00000000e+00
 6.27791340e+00 8.98232348e+00 1.00000000e+00
 -1.47931734e+00 -7.75307467e-01 -1.00000000e+00
 3.09966420e+00 6.03901954e+00 -1.00000000e+00
 -3.41545794e+00 2.82218016e-01 -1.00000000e+00
 4.85543521e+00 5.03177480e+00 -1.00000000e+00
 -2.55471469e+00 -7.50216068e+00 1.00000000e+00
 6.40479781e+00 1.72922042e-01 1.00000000e+00
 1.63738149e+00 -5.20950438e+00 1.00000000e+00
 9.73164123e-01 -8.02160761e+00 1.00000000e+00
 -2.10554362e+00 5.11240390e+00 -1.00000000e+00
 -9.58572884e+00 3.70895032e+00 1.00000000e+00
 2.60270632e+00 9.05907018e+00 1.00000000e+00
 8.45618150e+00 3.19540188e+00 1.00000000e+00
 5.91887238e+00 5.15248093e+00 1.00000000e+00
 1.54982210e+00 -8.00129909e+00 1.00000000e+00
 -6.85188881e+00 9.94893760e-01 1.00000000e+00
 -5.06631201e+00 4.73935574e+00 1.00000000e+00
 5.99197222e+00 3.13253874e+00 -1.00000000e+00
 -7.72746494e+00 -2.33476803e+00 1.00000000e+00
 9.99673514e-01 8.89754165e+00 1.00000000e+00
 5.28260583e+00 -5.35092215e+00 1.00000000e+00
 3.74805269e+00 6.95249078e+00 1.00000000e+00
 -9.74509084e+00 4.07532274e+00 1.00000000e+00
 5.03301537e+00 8.68760648e+00 1.00000000e+00
 -7.97954729e+00 8.93390625e+00 1.00000000e+00
 -2.18043339e+00 8.37132280e+00 1.00000000e+00
 -8.96032821e+00 8.89963401e+00 1.00000000e+00
 2.12338302e+00 -1.90767399e+00 -1.00000000e+00
 -5.65932191e+00 -4.23821579e-01 1.00000000e+00
 3.08455971e-03 -5.33929290e+00 1.00000000e+00
 -3.77438713e+00 1.61611798e+00 -1.00000000e+00
 -7.07292443e+00 -7.40083911e+00 1.00000000e+00
 6.78069233e+00 7.31052710e+00 1.00000000e+00
 5.39715103e+00 7.92684648e+00 1.00000000e+00
 9.44469963e+00 -5.43957230e+00 1.00000000e+00
 6.58657345e+00 1.60750998e+00 1.00000000e+00
 -9.13351293e+00 -1.41623146e-01 1.00000000e+00
 4.86308395e+00 -8.78503303e-01 -1.00000000e+00
 7.74212828e+00 7.81937114e+00 1.00000000e+00
 -4.25528911e-01 -8.54543789e+00 1.00000000e+00
 5.22424821e+00 6.10531266e+00 -1.00000000e+00
 6.81196916e+00 -8.44441838e+00 1.00000000e+00
 -3.67313564e+00 3.95684632e-01 -1.00000000e+00
 -2.62977481e+00 -3.88963444e+00 1.00000000e+00
 8.80666110e+00 2.31280472e+00 1.00000000e+00
 4.65130198e+00 -7.59860192e+00 1.00000000e+00
 7.85866934e+00 -3.62765264e+00 1.00000000e+00
 9.14923072e+00 9.91555273e+00 1.00000000e+00
 -2.87920704e+00 8.18617858e+00 -1.00000000e+00
 7.30227860e+00 9.68810364e+00 1.00000000e+00
 -3.78235700e-01 -8.74202446e+00 1.00000000e+00
 7.82272451e+00 8.71289874e+00 1.00000000e+00
 4.95372859e+00 1.89077746e+00 -1.00000000e+00
 -8.24919757e+00 8.47503742e+00 1.00000000e+00
 4.80128378e+00 6.87075769e+00 -1.00000000e+00
 3.74932429e+00 3.17814252e+00 -1.00000000e+00
 -7.38623345e+00 3.60216566e+00 1.00000000e+00
 5.39752971e+00 3.68976985e+00 1.00000000e+00
 -2.13384989e+00 -4.58848132e+00 1.00000000e+00
 -7.66894999e+00 7.57810596e+00 1.00000000e+00
 2.29438282e+00 8.61268612e+00 1.00000000e+00
 -8.09054499e+00 -2.60845551e+00 1.00000000e+00
 2.13091745e+00 -6.09212496e+00 1.00000000e+00
 -5.68104340e+00 3.46379639e+00 1.00000000e+00
 5.21750010e+00 -9.15472706e+00 1.00000000e+00
 7.78474228e+00 -6.29873644e+00 1.00000000e+00
 -6.08614200e-01 7.51203144e+00 -1.00000000e+00
 6.80937792e+00 -9.14236268e+00 1.00000000e+00
 -4.61798326e+00 5.43735827e+00 1.00000000e+00
 -7.97492036e+00 -7.70777891e+00 1.00000000e+00
 4.26452229e+00 8.54917599e+00 -1.00000000e+00
 9.94634863e+00 -4.44990395e+00 1.00000000e+00
 -5.43962756e+00 8.06661345e+00 1.00000000e+00
 2.60348201e+00 -8.36903886e+00 1.00000000e+00
 -1.57572018e+00 -3.13863762e+00 1.00000000e+00
 -1.93081335e+00 7.29294231e+00 -1.00000000e+00
 -7.61828629e-01 -9.89196070e+00 1.00000000e+00
 -8.84998110e+00 -7.65705021e+00 1.00000000e+00
 -6.03155337e+00 5.78802561e-01 1.00000000e+00
 2.01806680e+00 7.74942368e+00 -1.00000000e+00
 -3.60201107e+00 9.12448461e+00 1.00000000e+00
 -9.99849345e+00 2.29436261e+00 1.00000000e+00
 8.43471515e+00 3.54710245e+00 1.00000000e+00
 6.22511061e+00 -9.01290426e-01 1.00000000e+00
 -8.12662474e+00 2.42246623e+00 1.00000000e+00
 -9.48622130e+00 2.02751288e+00 1.00000000e+00
 3.88922123e+00 8.87660153e+00 1.00000000e+00
 -6.75162226e+00 7.23098685e-01 1.00000000e+00
 1.12102246e-01 -7.57703293e+00 1.00000000e+00
 -6.18619777e+00 3.24785082e+00 -1.00000000e+00
 -1.52030670e+00 4.82629271e+00 -1.00000000e+00
 -6.47969334e+00 3.06716430e+00 1.00000000e+00
 1.20621806e+00 -4.11858746e+00 1.00000000e+00
 -6.14273272e+00 9.28909881e+00 1.00000000e+00
 -5.07493036e+00 8.95990913e+00 1.00000000e+00
 2.85584009e+00 3.41040646e+00 -1.00000000e+00
 8.47290182e+00 -7.49747198e+00 1.00000000e+00
 -7.30140587e+00 -2.29236238e+00 1.00000000e+00
 9.80961369e+00 3.04044994e-01 1.00000000e+00
 -6.03291033e+00 -7.95725757e+00 1.00000000e+00
 4.78774955e+00 -9.72837007e+00 1.00000000e+00
 4.90620705e+00 1.71516877e+00 -1.00000000e+00
 -3.46981118e+00 1.74373780e+00 -1.00000000e+00
 8.09239386e+00 -7.21675595e+00 1.00000000e+00
 6.47898972e+00 1.72250684e+00 -1.00000000e+00
 -9.48241708e+00 9.51625683e+00 1.00000000e+00
 5.96428813e+00 -8.72757554e+00 1.00000000e+00
 2.96058923e+00 5.90281422e+00 1.00000000e+00
 8.86476895e+00 4.73318564e+00 -1.00000000e+00
 8.01612993e-01 1.85119000e+00 -1.00000000e+00
 -9.01540387e+00 -6.73728913e+00 1.00000000e+00
 -2.91262088e+00 7.29833938e-01 1.00000000e+00
 -5.25880259e+00 -2.42950818e+00 1.00000000e+00
 7.11163644e+00 1.40064491e+00 -1.00000000e+00
 8.89476224e+00 -6.06971532e-01 1.00000000e+00
 -1.16361516e+00 -6.80999158e+00 1.00000000e+00
 3.57554946e+00 1.73698250e+00 1.00000000e+00
 3.26157784e+00 -9.12156843e+00 1.00000000e+00
 -4.74835687e+00 -1.70906194e+00 1.00000000e+00
 7.39568922e+00 9.98743125e+00 1.00000000e+00
 9.93802114e+00 -6.68208602e+00 1.00000000e+00
 -9.43365944e+00 4.70095529e+00 1.00000000e+00
 -7.33866692e+00 3.07744597e+00 1.00000000e+00
 3.48692772e+00 3.29882233e+00 -1.00000000e+00
 -2.35780136e+00 -5.06095986e-01 -1.00000000e+00
 2.77389771e+00 7.68057577e+00 -1.00000000e+00
 7.51329384e+00 9.83545982e+00 1.00000000e+00
 -8.78921347e+00 -9.47028103e+00 1.00000000e+00
 4.85302617e+00 4.29136913e+00 -1.00000000e+00
 -7.03454141e+00 4.27949004e+00 1.00000000e+00
 -6.67105105e+00 -1.08297024e-01 1.00000000e+00
 5.82561695e+00 -8.09935254e+00 1.00000000e+00
 6.27121867e+00 -3.60507676e+00 1.00000000e+00
 8.37985832e+00 -2.69727298e+00 1.00000000e+00
 1.04236264e+00 7.43062384e+00 -1.00000000e+00
 -6.06711373e-01 1.52088575e+00 -1.00000000e+00
 2.79908592e+00 -9.53961017e+00 1.00000000e+00
 6.91934065e+00 -3.78299838e+00 1.00000000e+00
 9.59062798e+00 6.82688137e+00 1.00000000e+00
 -1.26951785e+00 -6.47361006e+00 1.00000000e+00
 3.98293818e+00 8.07060227e+00 1.00000000e+00
 5.36262964e+00 6.04274193e+00 -1.00000000e+00
 1.97899892e+00 -7.59901776e+00 1.00000000e+00
 -8.66606545e+00 -1.94667453e+00 1.00000000e+00
 2.11614602e+00 3.51032752e+00 -1.00000000e+00
 -8.52613140e+00 -2.92513337e+00 1.00000000e+00
 -9.97240491e+00 4.03762605e+00 1.00000000e+00
 8.25510351e+00 -8.09156495e+00 1.00000000e+00
 3.41033834e+00 -7.62600492e+00 1.00000000e+00
 -5.91236356e+00 9.74390456e+00 1.00000000e+00
 -8.09135921e+00 1.91397073e+00 1.00000000e+00
 -8.48553847e+00 -2.52106729e-01 1.00000000e+00
 -6.92354790e+00 5.44573477e+00 1.00000000e+00
 -9.10517580e+00 -5.62227631e+00 1.00000000e+00
 -4.99974786e+00 6.22847520e+00 1.00000000e+00
 -1.56680589e+00 4.89214699e+00 -1.00000000e+00
 -5.49527298e+00 6.34483983e+00 1.00000000e+00
 -9.38347760e+00 -1.25750692e-01 1.00000000e+00
 -3.72091962e+00 8.98335373e+00 1.00000000e+00
 -8.69976507e+00 -5.53621570e+00 1.00000000e+00
 4.81340907e+00 -1.39719511e+00 1.00000000e+00
 -8.64710407e+00 9.61027505e+00 1.00000000e+00
 -3.41156494e-01 -6.55162243e-01 -1.00000000e+00
 3.34603975e+00 4.73846031e+00 -1.00000000e+00
 -5.17545851e+00 -1.46276652e+00 1.00000000e+00
 -8.09474871e+00 3.79242368e-01 1.00000000e+00
 3.97668654e+00 -3.72298753e+00 1.00000000e+00
 5.36490520e+00 2.54768467e+00 -1.00000000e+00
 4.16464529e+00 9.65552464e+00 1.00000000e+00
 2.66278746e+00 3.80434829e+00 -1.00000000e+00
 -2.27843609e+00 -1.88100364e-01 1.00000000e+00
 1.15448084e+00 6.01439963e+00 -1.00000000e+00
 -2.18187885e+00 6.65686038e+00 -1.00000000e+00
 -9.41344496e+00 -3.06726174e+00 1.00000000e+00
 3.29144380e-01 -2.88012975e+00 -1.00000000e+00
 1.21235775e+00 -4.60898305e+00 -1.00000000e+00
 -6.84920523e+00 1.60872296e+00 1.00000000e+00
 1.84692106e+00 -3.90477772e+00 1.00000000e+00
 1.56266929e+00 -6.02962259e+00 1.00000000e+00
 -3.73073054e+00 7.69108338e-01 1.00000000e+00
 4.49934788e-01 -5.49853103e-02 -1.00000000e+00
 -7.87200101e-01 7.06612347e+00 -1.00000000e+00
 3.51249230e-01 -4.55777528e+00 1.00000000e+00
 -5.45000293e+00 -4.77640309e+00 1.00000000e+00
 -1.71557735e+00 -6.44448821e+00 1.00000000e+00
 1.58875448e+00 -3.76769464e+00 1.00000000e+00
 5.43525633e+00 2.33291015e+00 -1.00000000e+00
 -8.54699695e+00 4.00148258e+00 1.00000000e+00
 7.42110957e+00 8.25396036e+00 -1.00000000e+00
 7.52012479e+00 -3.69932704e+00 1.00000000e+00
 2.92487255e+00 1.53514301e+00 -1.00000000e+00
 8.27716182e-01 4.72929867e+00 -1.00000000e+00
 9.83805450e+00 1.83050048e+00 1.00000000e+00
 4.26773920e+00 4.00632909e+00 1.00000000e+00
 -9.37998674e+00 -9.82895704e+00 1.00000000e+00
 5.81726627e+00 -1.21974211e-01 -1.00000000e+00
 -8.19552052e+00 9.61722454e+00 1.00000000e+00
 -1.39250447e+00 -8.18144161e+00 1.00000000e+00
 -7.30669539e+00 7.31656799e+00 1.00000000e+00
 2.92900079e+00 5.90045656e+00 -1.00000000e+00
 -2.58049253e+00 4.04787760e+00 -1.00000000e+00
 -1.05274882e+00 -9.55645581e-01 -1.00000000e+00
 -2.92339509e-01 -3.73634938e-01 -1.00000000e+00
 -4.05651225e+00 8.62073684e+00 1.00000000e+00
 5.14790440e+00 3.55332041e+00 -1.00000000e+00
 -2.89167312e+00 6.32694448e+00 -1.00000000e+00
 6.21996842e+00 -6.18717758e+00 1.00000000e+00
 -3.59728833e+00 -1.56974286e+00 -1.00000000e+00
 -4.43649149e+00 9.13471393e-01 -1.00000000e+00
 1.86033533e+00 3.07368392e+00 -1.00000000e+00
 4.17713128e+00 -9.01506866e+00 1.00000000e+00
 -2.22672943e+00 -9.25081986e+00 1.00000000e+00
 -7.40635519e+00 7.05054684e+00 1.00000000e+00
 -9.50983360e+00 9.48240783e+00 1.00000000e+00
 -3.60932709e+00 -7.86912377e+00 1.00000000e+00
 1.73695918e+00 6.28830822e+00 1.00000000e+00
 -9.66892051e+00 9.50007547e+00 1.00000000e+00
 -7.44119412e+00 2.16298825e+00 1.00000000e+00
 3.48419569e+00 -6.89910405e+00 1.00000000e+00
 -7.88614611e+00 -7.20338756e-01 1.00000000e+00
 3.45789921e+00 -5.80581620e+00 1.00000000e+00
 7.14139001e+00 1.52248404e+00 1.00000000e+00
 1.29148334e+00 9.82106107e+00 1.00000000e+00
 1.64656745e+00 4.62293292e+00 -1.00000000e+00
 -9.56189898e+00 2.71582175e+00 1.00000000e+00
 4.91542658e+00 -3.61880389e-01 -1.00000000e+00
 -3.02593000e+00 3.55458849e+00 1.00000000e+00
 -5.69966547e+00 7.17957974e+00 1.00000000e+00
 -6.86607037e-01 -2.61369520e+00 -1.00000000e+00
 -6.54066954e+00 5.68810973e+00 1.00000000e+00
 8.55506565e+00 -7.73554219e+00 1.00000000e+00
 -9.84251859e+00 2.97647109e+00 1.00000000e+00
 -5.70726770e+00 9.07895533e-01 1.00000000e+00
 5.35319666e+00 -5.62583899e+00 1.00000000e+00
 -8.04830806e+00 5.69068813e+00 1.00000000e+00
 4.20819021e-01 -3.74483715e+00 -1.00000000e+00
 4.17375571e+00 1.30577913e+00 -1.00000000e+00
 -2.05972492e-01 -7.18923271e+00 1.00000000e+00
 8.14616203e-01 2.84189086e+00 -1.00000000e+00
 -3.12244749e-01 -6.21860745e+00 1.00000000e+00
 -7.42087641e+00 5.80928235e+00 1.00000000e+00
 1.79496883e+00 -1.34271437e+00 -1.00000000e+00
 2.12743029e+00 -5.82810990e+00 1.00000000e+00
 6.58134582e+00 6.08261490e+00 -1.00000000e+00
 -2.49258745e+00 4.11156794e+00 -1.00000000e+00
 -9.04382224e+00 -8.26009161e+00 1.00000000e+00
 -1.33369902e+00 9.51319430e+00 -1.00000000e+00
 -2.59887741e+00 2.41138117e+00 -1.00000000e+00
 -1.41808804e-01 -8.04545054e+00 1.00000000e+00
 1.33948689e+00 -7.88671741e+00 1.00000000e+00
 -4.92375084e+00 -3.34984262e-01 1.00000000e+00
 6.41044564e+00 9.35868788e+00 1.00000000e+00
 -3.97442059e+00 -7.56184119e+00 1.00000000e+00
 -8.69621439e+00 1.00716353e+00 1.00000000e+00
 -9.49399790e+00 -1.02618655e+00 1.00000000e+00
 2.71215478e+00 -1.26134513e+00 -1.00000000e+00
 6.97545669e-01 6.02378955e+00 1.00000000e+00
 -3.30532648e+00 -1.09284950e+00 -1.00000000e+00
 2.54594752e+00 -5.93190476e+00 1.00000000e+00
 3.77659524e+00 1.53926987e+00 -1.00000000e+00
 -8.07324985e+00 -2.70337052e+00 1.00000000e+00
 -9.41242635e+00 6.03283873e-01 1.00000000e+00
 -7.02929771e+00 5.02132843e+00 1.00000000e+00
 -8.58304610e+00 -1.55611978e+00 1.00000000e+00
 2.12197400e-01 -8.07783329e+00 1.00000000e+00
 -8.33717674e+00 -1.71728174e+00 1.00000000e+00
 5.29504563e+00 2.55431306e+00 -1.00000000e+00
 6.37240238e+00 5.43570243e+00 -1.00000000e+00
 8.39598036e+00 4.83368226e+00 1.00000000e+00
 1.31335936e+00 4.17711119e+00 -1.00000000e+00
 7.11282574e+00 8.43803470e+00 1.00000000e+00
 8.44806411e+00 8.73241562e-01 1.00000000e+00
 7.37694701e-01 4.20532412e+00 -1.00000000e+00
 3.35885473e+00 6.95466224e+00 -1.00000000e+00
 1.65839967e+00 4.07887726e+00 -1.00000000e+00
 2.35263652e+00 -6.63485965e+00 1.00000000e+00
 -7.25479760e+00 6.60872808e+00 1.00000000e+00
 6.37981948e+00 -1.06810629e+00 1.00000000e+00
 -8.81178582e+00 4.13355229e+00 1.00000000e+00
 1.59265734e+00 6.56880819e+00 1.00000000e+00
 -6.57798344e-01 -3.13256709e+00 -1.00000000e+00
 -6.03147628e-01 1.53268288e+00 -1.00000000e+00
 -6.47616806e+00 -6.44526683e+00 1.00000000e+00
 4.93667492e+00 6.01743927e+00 1.00000000e+00
 3.66092790e+00 -3.31724297e+00 -1.00000000e+00
 -7.25851985e+00 8.54829993e+00 1.00000000e+00
 3.84814741e+00 -7.52395459e+00 1.00000000e+00
 -4.79926783e+00 2.96479049e+00 1.00000000e+00
 -5.96513053e+00 -1.90183966e+00 1.00000000e+00
 4.87112912e+00 9.60223396e+00 1.00000000e+00
 -9.60376199e+00 -7.11482012e+00 1.00000000e+00
 -1.26440531e-02 8.17599689e+00 1.00000000e+00
 1.83676967e+00 -3.56306525e+00 1.00000000e+00
 -9.95699106e-01 -5.02651442e+00 1.00000000e+00
 -8.46513616e-01 -1.40585780e-01 -1.00000000e+00
 9.60975872e+00 -3.73445436e-01 1.00000000e+00
 5.93715787e+00 -3.61955720e+00 -1.00000000e+00
 -9.08591658e+00 -6.12396955e+00 1.00000000e+00
 6.57338349e+00 -3.47293175e+00 1.00000000e+00
 3.37441209e+00 3.94310038e+00 -1.00000000e+00
 -6.18693857e+00 6.31249507e+00 1.00000000e+00
 5.45999954e-01 8.57864867e+00 1.00000000e+00
 -3.66985503e+00 -5.88390082e+00 1.00000000e+00
 -9.93003189e+00 -5.44216992e+00 1.00000000e+00
 -3.07397318e+00 -3.38094031e+00 1.00000000e+00
 -8.80427962e-01 -4.44006133e+00 -1.00000000e+00
 -1.93151441e+00 -9.41400692e+00 1.00000000e+00
 -2.47888138e+00 9.26440686e+00 1.00000000e+00
 -4.69893313e+00 2.11605302e+00 -1.00000000e+00
 8.96801691e+00 -1.30712029e+00 1.00000000e+00
 -3.61394598e+00 5.45786040e+00 1.00000000e+00
 -6.74939195e+00 -1.02568860e+00 1.00000000e+00
 -4.03766388e+00 7.59442854e+00 -1.00000000e+00
 7.76162162e+00 -3.77191433e+00 1.00000000e+00
 2.05947692e+00 4.37774390e+00 -1.00000000e+00
 7.43676208e+00 -3.96695045e+00 1.00000000e+00
 -7.25176915e+00 9.22836114e+00 1.00000000e+00
 -3.23506598e+00 -9.87500626e+00 1.00000000e+00
 -1.35761117e+00 -5.39152750e+00 -1.00000000e+00
 8.24454948e+00 6.34649467e+00 1.00000000e+00
 1.75228284e+00 -5.25995121e+00 1.00000000e+00
 9.93750652e+00 -2.42365602e+00 1.00000000e+00
 -4.57762988e+00 -8.78169694e+00 1.00000000e+00
 2.97806237e+00 6.79830959e+00 -1.00000000e+00
 7.08818937e+00 4.75587074e+00 -1.00000000e+00
 9.29232507e+00 2.25647993e+00 1.00000000e+00
 -6.92017498e+00 4.75821148e+00 1.00000000e+00
 -6.79737887e+00 -8.32415629e+00 1.00000000e+00
 1.09490299e+00 -3.96329369e+00 -1.00000000e+00
 1.09329023e+00 9.69943560e+00 1.00000000e+00
 1.64896152e+00 1.15150885e+00 -1.00000000e+00
 -5.23694639e+00 -2.71835156e+00 1.00000000e+00
 -8.16582801e+00 -9.24664958e+00 1.00000000e+00
 6.11274788e+00 1.30672548e+00 -1.00000000e+00
 6.26409952e+00 -5.98488078e+00 1.00000000e+00
 6.05764984e+00 -4.11045037e+00 1.00000000e+00
 -6.02818585e+00 -8.16487845e+00 1.00000000e+00
 -9.06803386e+00 3.00332638e+00 1.00000000e+00
 1.85600867e+00 -3.30852707e+00 1.00000000e+00
 -8.11124726e+00 -4.98753114e+00 1.00000000e+00
 -7.49542069e+00 8.94508837e+00 1.00000000e+00
 -2.97005158e+00 -5.45513210e+00 1.00000000e+00
 -8.58484018e+00 -7.30332656e+00 1.00000000e+00
 4.73020314e+00 -8.61908511e+00 1.00000000e+00
 4.74423534e+00 6.46537743e+00 -1.00000000e+00
 8.08428672e-01 5.21611140e+00 -1.00000000e+00
 9.80822917e+00 2.05956918e+00 1.00000000e+00
 -4.71230452e+00 -5.46308948e+00 1.00000000e+00
 6.33705661e+00 3.68696053e+00 -1.00000000e+00
 4.20721207e+00 6.23971733e+00 1.00000000e+00
 -7.18926763e+00 -2.42427028e+00 1.00000000e+00
 4.68599339e+00 2.03962530e+00 -1.00000000e+00
 -7.99630396e+00 -1.76370851e+00 1.00000000e+00
 3.92571003e+00 -1.80946713e+00 -1.00000000e+00
 8.69463918e+00 -2.72650367e+00 1.00000000e+00
 -9.67487148e+00 8.78837421e+00 1.00000000e+00
 -9.50750364e+00 -6.34888820e+00 1.00000000e+00
 -8.28076752e+00 3.39817218e-02 1.00000000e+00
 8.68189559e+00 -5.86961750e-01 1.00000000e+00
 -2.92892497e-01 -4.08260592e+00 1.00000000e+00
 -2.95983187e+00 -9.85587506e+00 1.00000000e+00
 4.89421878e+00 -9.55632026e+00 1.00000000e+00
 8.99922486e-01 -9.85671858e-01 1.00000000e+00
 -8.95989635e+00 3.63744353e+00 1.00000000e+00
 5.31363272e-01 6.69388058e+00 -1.00000000e+00
 8.80821320e-01 -9.52987869e+00 1.00000000e+00
 1.61832063e+00 8.74437470e+00 1.00000000e+00
 9.08657341e+00 7.75258056e+00 1.00000000e+00
 4.33885231e+00 -2.20331860e+00 -1.00000000e+00
 7.77326855e+00 6.28602085e+00 1.00000000e+00
 -2.89827906e+00 1.46011058e+00 1.00000000e+00
 -8.80454785e+00 8.62212683e+00 1.00000000e+00
 6.33706885e+00 3.68264685e+00 -1.00000000e+00
 -7.53210884e+00 9.01681157e+00 1.00000000e+00
 7.71097987e+00 -1.51881062e+00 -1.00000000e+00
 -1.91395230e+00 1.81292510e+00 -1.00000000e+00
 -3.93789991e+00 -3.04993430e+00 1.00000000e+00
 -3.45807193e+00 4.93965148e+00 1.00000000e+00
 2.24763581e+00 -1.32911685e+00 -1.00000000e+00
 -5.51534062e+00 3.54695171e+00 1.00000000e+00
 -8.09445134e+00 9.50773854e-02 1.00000000e+00
 -8.14610240e+00 -2.03948289e-01 1.00000000e+00
 8.96442368e+00 4.91664113e+00 1.00000000e+00
 7.84576350e+00 3.00541657e+00 1.00000000e+00
 7.33262896e+00 -2.90605903e+00 1.00000000e+00
 -2.28962760e+00 -5.04984154e-02 -1.00000000e+00
 2.61473152e+00 -2.15846305e+00 1.00000000e+00
 9.48921061e+00 5.83925537e+00 1.00000000e+00
 -7.94664945e+00 9.44589784e+00 1.00000000e+00
 -5.40293334e+00 4.82808540e+00 1.00000000e+00
 7.24050030e+00 4.24367716e+00 -1.00000000e+00
 3.73713656e+00 9.33726266e+00 -1.00000000e+00
 -2.32443168e+00 6.28648035e+00 1.00000000e+00
 -6.66269099e+00 7.25035099e+00 1.00000000e+00
 2.21935084e+00 4.69535011e+00 -1.00000000e+00
 5.24544900e+00 -2.65876248e+00 -1.00000000e+00
 9.61711832e+00 -9.13116691e-01 1.00000000e+00
 -3.23100795e+00 3.76083517e+00 -1.00000000e+00
 -7.42408984e+00 9.39010303e+00 1.00000000e+00
 8.79007123e-01 -2.96975174e-01 -1.00000000e+00
 -4.19615085e+00 -7.20643157e+00 1.00000000e+00
