 -3.88528827e+00 -9.29643031e+00 -1.00000000e+00
 -8.69300534e+00 2.08083709e+00 -1.00000000e+00
 2.43425735e+00 -1.77462956e+00 1.00000000e+00
 9.00012528e+00 -5.08567174e+00 -1.00000000e+00
 -4.54751685e+00 8.77063799e+00 1.00000000e+00
 -5.72054444e-01 -5.71328061e+00 -1.00000000e+00
 -4.10901325e+00 3.74188522e+00 1.00000000e+00
 -8.54885856e+00 5.82143862e+00 -1.00000000e+00
 -2.46707952e+00 -7.53054233e+00 -1.00000000e+00
 -8.95514855e+00 -8.59409604e+00 -1.00000000e+00
 -5.98992043e+00 -4.87547937e+00 -1.00000000e+00
 8.13430338e+00 6.49545955e+00 1.00000000e+00
 -7.31128392e-02 7.46897527e+00 1.00000000e+00
 3.82916948e+00 -3.11416902e+00 -1.00000000e+00
 -1.24572648e+00 9.75091605e+00 1.00000000e+00
 2.22784922e+00 9.30637040e+00 1.00000000e+00
 -3.72628923e+00 -4.82146500e-01 1.00000000e+00
 -1.77992412e+00 6.87223559e+00 1.00000000e+00
 7.05541062e+00 1.74223882e+00 -1.00000000e+00
 -9.43267451e+00 -2.41322583e-01 -1.00000000e+00
 -4.55479714e+00 -9.98060036e-01 1.00000000e+00
 -1.33427280e+00 5.57730705e+00 1.00000000e+00
 7.36081288e+00 1.67532227e+00 -1.00000000e+00
 -3.07704786e+00 7.18036607e+00 1.00000000e+00
 4.46134397e+00 1.32618227e+00 1.00000000e+00
 7.19015596e+00 -7.52330107e-01 -1.00000000e+00
 2.06568292e+00 9.72539539e-03 1.00000000e+00
 3.30759134e+00 -9.70601390e+00 -1.00000000e+00
 8.62665110e-01 3.54465765e+00 1.00000000e+00
 4.15919357e+00 5.13026030e+00 1.00000000e+00
 -3.72476197e+00 -4.05074743e+00 -1.00000000e+00
 -3.97532731e+00 -2.10904104e+00 1.00000000e+00
 1.96328514e+00 4.73581967e+00 1.00000000e+00
 -6.04158175e+00 8.08489271e+00 1.00000000e+00
 -2.00610954e+00 1.73827831e-01 1.00000000e+00
 1.83813818e+00 2.08244284e+00 1.00000000e+00
 -1.05762775e+00 -5.57800870e+00 -1.00000000e+00
 5.93167992e+00 -8.42874959e+00 -1.00000000e+00
 -7.77097185e+00 -1.40607450e+00 -1.00000000e+00
 4.90102164e+00 -8.83954341e+00 -1.00000000e+00
 -3.10364864e+00 7.87093581e+00 1.00000000e+00
 -8.92840450e+00 -9.31331822e+00 -1.00000000e+00
 4.26473751e+00 -9.66442434e+00 -1.00000000e+00
 -3.55471076e+00 5.15070510e+00 1.00000000e+00
 -8.83679598e+00 3.83776480e+00 -1.00000000e+00
 9.78855656e+00 7.66172942e+00 -1.00000000e+00
 -2.71237091e+00 4.00894180e+00 1.00000000e+00
 -3.01922693e+00 7.89189259e+00 1.00000000e+00
 -6.39053033e-01 -4.35124637e+00 1.00000000e+00
 -4.45745954e+00 2.13498102e+00 1.00000000e+00
 -8.36923235e+00 -3.87823516e+00 -1.00000000e+00
 -3.31034846e+00 -9.32574148e+00 -1.00000000e+00
 5.26144847e-01 3.16976048e+00 1.00000000e+00
 -7.74689497e+00 3.17565787e+00 -1.00000000e+00
 5.42941347e+00 9.07769814e+00 1.00000000e+00
 7.13685931e+00 4.74462232e+00 1.00000000e+00
 -9.15809998e+00 4.38699442e+00 -1.00000000e+00
 -2.38925766e+00 7.92447838e+00 1.00000000e+00
 4.86350715e-01 -6.68308191e+00 -1.00000000e+00
 9.54716387e+00 3.94460664e+00 -1.00000000e+00
 -8.51097969e+00 -8.17251235e+00 -1.00000000e+00
 1.72709136e+00 -3.02966822e+00 1.00000000e+00
 4.62880889e+00 4.63336777e+00 1.00000000e+00
 -5.17262482e+00 -7.40549429e+00 -1.00000000e+00
 -9.99213572e+00 -2.60257367e+00 -1.00000000e+00
 4.86697388e+00 -4.74509330e-01 1.00000000e+00
 9.15886093e+00 1.11700153e+00 -1.00000000e+00
 7.04540288e+00 -3.21532994e+00 -1.00000000e+00
 -8.19439352e+00 -1.40197577e+00 -1.00000000e+00
 -4.11452030e+00 -2.85472400e+00 -1.00000000e+00
 -5.35615756e+00 -9.82613857e+00 -1.00000000e+00
 8.54198148e+00 9.05902336e+00 1.00000000e+00
 -1.06158070e+00 -4.08036391e+00 1.00000000e+00
 -7.23087909e-01 1.26447736e+00 1.00000000e+00
 9.13529086e+00 3.18771652e+00 -1.00000000e+00
 -3.99714306e+00 3.66827152e+00 1.00000000e+00
 3.42857631e+00 -2.37054688e+00 1.00000000e+00
 2.40694619e+00 6.50705376e+00 1.00000000e+00
 -3.15860717e+00 -3.74246437e-01 1.00000000e+00
 1.60521962e+00 6.61528275e+00 1.00000000e+00
 2.11284116e+00 -8.23931047e+00 -1.00000000e+00
 1.16253870e+00 -6.74521835e+00 -1.00000000e+00
 7.04042433e+00 -5.69114226e+00 -1.00000000e+00
 9.54790054e+00 1.89149099e+00 -1.00000000e+00
 2.76208628e-01 -3.14458525e+00 1.00000000e+00
 9.03189195e+00 2.58128389e+00 -1.00000000e+00
 -7.32939662e+00 -9.60709517e+00 -1.00000000e+00
 -9.67972629e+00 -3.84784660e+00 -1.00000000e+00
 -8.97233589e+00 4.25693878e+00 -1.00000000e+00
 4.68795641e+00 -5.88602620e-01 1.00000000e+00
 -7.44860915e+00 -8.37130341e+00 -1.00000000e+00
 9.43120855e+00 -4.19421425e+00 -1.00000000e+00
 2.42199372e+00 2.25729512e+00 1.00000000e+00
 -8.44169263e+00 4.88794698e+00 -1.00000000e+00
 9.60114530e+00 -8.65909752e+00 -1.00000000e+00
 -8.60182068e+00 -4.93402532e+00 -1.00000000e+00
 8.44713056e+00 5.87971713e+00 1.00000000e+00
 -7.14044779e+00 7.12945522e+00 1.00000000e+00
 -1.77200589e+00 -2.11067019e+00 1.00000000e+00
 8.30243628e+00 6.00752093e+00 1.00000000e+00
 -1.43426780e+00 -6.31168082e+00 -1.00000000e+00
 -8.56024103e+00 4.70331741e+00 -1.00000000e+00
 2.26011944e+00 -1.47775439e+00 1.00000000e+00
 8.05537271e-01 -1.64667338e+00 1.00000000e+00
 -7.65773488e+00 -3.11059223e+00 -1.00000000e+00
 -1.83921468e+00 6.59812362e+00 1.00000000e+00
 -8.75848013e+00 2.74022900e+00 -1.00000000e+00
 8.59747420e+00 -6.18490072e+00 -1.00000000e+00
 5.89327005e+00 7.89848158e+00 1.00000000e+00
 4.02875001e+00 -4.34792143e+00 -1.00000000e+00
 1.26304820e+00 -2.12831286e+00 1.00000000e+00
 -9.63221678e+00 -3.79205033e+00 -1.00000000e+00
 -1.69819845e+00 8.15861990e+00 1.00000000e+00
 5.67051990e+00 7.73900461e-01 1.00000000e+00
 2.74965692e+00 -2.06374182e-01 1.00000000e+00
 3.08997788e+00 2.78114146e-01 1.00000000e+00
 2.52366957e+00 -5.68860759e+00 -1.00000000e+00
 7.14861183e+00 8.67226604e+00 1.00000000e+00
 1.44053677e+00 3.76411567e+00 1.00000000e+00
 -5.52207155e+00 8.34000826e+00 1.00000000e+00
 -6.34118455e+00 -6.85014266e+00 -1.00000000e+00
 -5.89952766e+00 7.44784764e+00 1.00000000e+00
 -3.87210465e+00 -5.97876408e-01 1.00000000e+00
 7.64133932e+00 -3.14977245e-01 -1.00000000e+00
 -3.66936286e+00 -2.08466344e+00 1.00000000e+00
 -7.52773059e+00 1.11099664e+00 -1.00000000e+00
 2.06137660e+00 -9.57734036e+00 -1.00000000e+00
 -9.63137312e+00 -1.93372221e+00 -1.00000000e+00
 6.17061591e+00 -4.79819667e+00 -1.00000000e+00
 -6.93110572e+00 9.32661575e+00 1.00000000e+00
 -1.44940616e+00 -2.53178205e+00 1.00000000e+00
 -2.59806514e+00 8.17359584e+00 1.00000000e+00
 6.16160394e+00 -2.65329828e-01 -1.00000000e+00
 9.05898758e+00 6.97475583e+00 -1.00000000e+00
 -8.40124729e+00 -5.27554896e+00 -1.00000000e+00
 -1.31299797e+00 -1.49151031e+00 1.00000000e+00
 2.20418549e+00 8.96844561e+00 1.00000000e+00
 3.59436173e+00 7.80488154e+00 1.00000000e+00
 5.42355658e-01 6.38906987e+00 1.00000000e+00
 7.56454641e+00 5.02226063e+00 1.00000000e+00
 -2.78173586e+00 -9.70915134e+00 -1.00000000e+00
 9.61350673e+00 -4.94443234e+00 -1.00000000e+00
 2.69311253e+00 -4.20454754e+00 -1.00000000e+00
 9.03086828e+00 2.05992307e+00 -1.00000000e+00
 -4.93933694e+00 6.21964661e+00 1.00000000e+00
 -3.59856513e+00 -2.76603239e+00 1.00000000e+00
 -8.52592238e+00 9.52369058e+00 1.00000000e+00
 4.76538666e+00 4.88707689e+00 1.00000000e+00
 -4.06271367e+00 -3.77152975e+00 -1.00000000e+00
 9.73744501e+00 -2.90608581e+00 -1.00000000e+00
 -5.76200374e+00 2.08478726e+00 1.00000000e+00
 -2.95135402e+00 2.33333774e+00 1.00000000e+00
 -3.56795712e-01 5.18295728e+00 1.00000000e+00
 -2.18688633e+00 6.61277409e+00 1.00000000e+00
 5.75858923e+00 9.21954309e+00 1.00000000e+00
 -1.31855668e+00 4.88554963e+00 1.00000000e+00
 5.11269924e+00 7.80526265e+00 1.00000000e+00
 -7.32435288e+00 9.44666026e+00 1.00000000e+00
 5.51484826e+00 2.34190134e+00 1.00000000e+00
 4.53416297e+00 4.71122831e+00 1.00000000e+00
 2.32426763e+00 -4.57662127e+00 -1.00000000e+00
 5.65382236e-01 9.51272099e+00 1.00000000e+00
 -8.40330472e+00 -1.78171527e+00 -1.00000000e+00
 3.26447566e+00 -5.25584593e+00 -1.00000000e+00
 -9.26176072e-01 6.73182980e+00 1.00000000e+00
 -2.92312883e+00 4.17970358e+00 1.00000000e+00
 3.06838559e+00 1.55234649e+00 1.00000000e+00
 8.27529196e-01 9.11829077e+00 1.00000000e+00
 8.83863549e-01 4.86225640e+00 1.00000000e+00
 -1.20550232e+00 -8.82501534e+00 -1.00000000e+00
 -1.46200282e+00 -7.05033466e+00 -1.00000000e+00
 -2.47360477e+00 3.60710063e+00 1.00000000e+00
 -4.94218872e-01 -2.84444038e+00 1.00000000e+00
 8.72999276e+00 -9.29131567e+00 -1.00000000e+00
 -6.19222224e+00 -6.14034803e+00 -1.00000000e+00
 2.85752139e-01 7.27291884e+00 1.00000000e+00
 -5.09858558e+00 9.56021832e+00 1.00000000e+00
 2.77754471e+00 2.64990855e+00 1.00000000e+00
 -3.10417310e+00 6.84518731e+00 1.00000000e+00
 -5.95091638e+00 -8.96436628e+00 -1.00000000e+00
 6.36652385e+00 -4.07591234e+00 -1.00000000e+00
 4.25206860e+00 5.84417402e+00 1.00000000e+00
 -1.60187822e+00 -7.71121971e+00 -1.00000000e+00
 -6.96262193e+00 -2.15520735e+00 -1.00000000e+00
 -5.03091834e+00 1.52821245e+00 1.00000000e+00
 -1.78575816e+00 -2.65715846e+00 1.00000000e+00
 8.88996040e+00 8.36137772e+00 1.00000000e+00
 6.64142193e+00 -9.80960906e+00 -1.00000000e+00
 3.07740384e+00 -2.30087741e+00 1.00000000e+00
 -1.72763496e+00 2.92955298e+00 1.00000000e+00
 1.38751608e+00 5.67527474e-01 1.00000000e+00
 5.08620469e+00 -3.12085987e-01 1.00000000e+00
 5.16580733e+00 -9.71288419e+00 -1.00000000e+00
 2.42180967e+00 -2.19075415e+00 1.00000000e+00
 2.64991871e+00 8.32389006e+00 1.00000000e+00
 -8.26203102e+00 -3.64797075e+00 -1.00000000e+00
 -4.30784432e+00 3.54035336e+00 1.00000000e+00
 -6.98408928e+00 -4.59110646e+00 -1.00000000e+00
 8.46233740e+00 -6.42773770e+00 -1.00000000e+00
 6.49414082e+00 9.40828296e+00 1.00000000e+00
 8.96440515e+00 6.59654236e+00 -1.00000000e+00
 3.19806274e-01 -5.72691775e-01 1.00000000e+00
 -8.03765596e+00 -7.02152790e+00 -1.00000000e+00
 6.02831899e-01 4.38267249e-01 1.00000000e+00
 3.70085048e+00 1.06437908e+00 1.00000000e+00
 -5.10002112e+00 -4.92535545e+00 -1.00000000e+00
 2.08290465e+00 6.58166951e-01 1.00000000e+00
 8.24976876e+00 2.66868326e+00 -1.00000000e+00
 5.33676551e+00 -7.66739498e+00 -1.00000000e+00
 8.20118637e+00 2.52643541e+00 -1.00000000e+00
 -9.65145752e+00 -7.78553054e+00 -1.00000000e+00
 -5.44567332e+00 -4.44383545e+00 -1.00000000e+00
 1.88085247e+00 4.28426702e+00 1.00000000e+00
 1.97514315e-01 7.94410137e+00 1.00000000e+00
 7.99566003e+00 -2.53996955e+00 -1.00000000e+00
 -8.12059679e+00 -9.46420703e+00 -1.00000000e+00
 4.77367577e+00 -8.63738668e+00 -1.00000000e+00
 -1.64897315e+00 -4.25560268e+00 1.00000000e+00
 -2.57628243e+00 4.02139538e+00 1.00000000e+00
 -4.36076814e+00 -9.87258953e+00 -1.00000000e+00
 7.98258161e-01 -3.94733963e+00 1.00000000e+00
 -2.07303205e+00 4.34151613e+00 1.00000000e+00
 -5.29852462e+00 9.29103493e+00 1.00000000e+00
 8.38877629e+00 5.21876637e+00 -1.00000000e+00
 2.81077856e+00 -2.15532647e+00 1.00000000e+00
 4.58340267e-02 -9.40855058e+00 -1.00000000e+00
 2.99468562e+00 -9.90289868e+00 -1.00000000e+00
 7.68821138e+00 2.09977841e+00 -1.00000000e+00
 7.94896236e+00 -7.29053806e+00 -1.00000000e+00
 -1.20217256e+00 -8.62758428e+00 -1.00000000e+00
 -6.16037002e+00 -2.97970003e+00 -1.00000000e+00
 6.07239694e+00 -6.48786281e+00 -1.00000000e+00
 3.84094652e+00 -3.65318139e-01 1.00000000e+00
 9.47038840e+00 7.98602247e+00 -1.00000000e+00
 2.74176307e+00 -2.56796684e+00 1.00000000e+00
 2.61112153e+00 -5.25889104e+00 -1.00000000e+00
 7.22608327e-01 5.15958376e-01 1.00000000e+00
 9.74954197e+00 -3.25102035e+00 -1.00000000e+00
 -3.33485327e+00 2.28593161e+00 1.00000000e+00
 8.89162568e+00 2.06450082e+00 -1.00000000e+00
 1.07616852e+00 4.46598340e+00 1.00000000e+00
 -4.83613942e+00 5.54378259e+00 1.00000000e+00
 2.43176718e+00 -9.65434335e+00 -1.00000000e+00
 -1.63656607e+00 2.80821340e+00 1.00000000e+00
 -3.48791191e+00 -4.79995500e+00 -1.00000000e+00
 -5.89668750e+00 6.67323378e+00 1.00000000e+00
 -8.78296307e+00 6.97893065e+00 1.00000000e+00
 -7.09692414e+00 9.23355098e+00 1.00000000e+00
 -3.00794226e+00 8.89785574e+00 1.00000000e+00
 -1.93022584e+00 1.89547589e+00 1.00000000e+00
 -2.48135903e+00 2.09171455e+00 1.00000000e+00
 6.82309555e-01 9.34442055e+00 1.00000000e+00
 -3.86931488e+00 7.91465022e+00 1.00000000e+00
 1.98565682e+00 5.70928527e+00 1.00000000e+00
 2.07068518e-01 7.58951692e+00 1.00000000e+00
 7.80116573e+00 6.93351284e+00 1.00000000e+00
 8.22914850e+00 -3.13942502e+00 -1.00000000e+00
 -9.16833452e+00 -6.35499544e+00 -1.00000000e+00
 1.28092304e+00 7.85129052e+00 1.00000000e+00
 2.71134511e+00 3.33820856e+00 1.00000000e+00
 -7.15913324e+00 -4.96743924e+00 -1.00000000e+00
 -3.21839606e-01 -8.24624211e+00 -1.00000000e+00
 -3.11787127e+00 2.28265149e+00 1.00000000e+00
 -5.47530808e+00 -8.82122958e+00 -1.00000000e+00
 -2.67768824e+00 1.58339136e+00 1.00000000e+00
 5.33885241e+00 -6.94849184e+00 -1.00000000e+00
 -9.17903040e+00 -3.00671338e+00 -1.00000000e+00
 8.12315133e+00 2.11299779e+00 -1.00000000e+00
 5.37778108e-01 -8.87425691e+00 -1.00000000e+00
 4.26097529e+00 -8.77370225e+00 -1.00000000e+00
 -3.79635729e+00 -7.52474608e+00 -1.00000000e+00
 -8.74026941e+00 -5.30818744e+00 -1.00000000e+00
 -7.91492071e+00 4.14754899e-01 -1.00000000e+00
 4.32753382e+00 3.13209616e+00 1.00000000e+00
 -6.77858141e+00 -6.68425754e+00 -1.00000000e+00
 2.63362101e+00 7.68893075e+00 1.00000000e+00
 8.52105024e+00 2.35721627e+00 -1.00000000e+00
 1.40126763e+00 -3.57134734e+00 1.00000000e+00
 -9.63163341e-01 6.78759764e+00 1.00000000e+00
 9.98003441e-01 -5.04010707e+00 -1.00000000e+00
 -5.15848943e+00 1.62593447e+00 1.00000000e+00
 -5.54375057e+00 3.81760313e+00 1.00000000e+00
 -8.71329122e+00 4.35372022e+00 -1.00000000e+00
 -5.84542177e+00 7.17141902e+00 1.00000000e+00
 -8.05540374e+00 5.29572095e+00 1.00000000e+00
 -6.45866602e+00 -2.82273958e+00 -1.00000000e+00
 -8.11494321e+00 1.75907480e+00 -1.00000000e+00
 -9.57645694e+00 -1.11630264e+00 -1.00000000e+00
 1.41713918e+00 8.99471153e+00 1.00000000e+00
 -1.10707381e+00 1.98855816e-01 1.00000000e+00
 9.09777057e+00 3.70289323e+00 -1.00000000e+00
 -5.45031887e+00 -2.62240669e+00 -1.00000000e+00
 -2.61178454e+00 8.22219476e+00 1.00000000e+00
 4.16612692e+00 5.49999443e+00 1.00000000e+00
 -9.58957757e+00 -7.22441378e+00 -1.00000000e+00
 -5.13489721e+00 5.40453578e+00 1.00000000e+00
 5.55045709e+00 9.83751168e+00 1.00000000e+00
 -6.40477859e-02 -6.51835346e+00 -1.00000000e+00
 5.84418223e+00 6.69441247e+00 1.00000000e+00
 -8.63254005e+00 4.98602668e+00 -1.00000000e+00
 -8.38278507e+00 1.18604455e+00 -1.00000000e+00
 9.30828142e+00 -9.62892661e+00 -1.00000000e+00
 -8.77273229e+00 4.25327564e+00 -1.00000000e+00
 8.14877388e-01 9.15976830e-02 1.00000000e+00
 6.76531755e+00 6.78322895e+00 1.00000000e+00
 -6.35684893e+00 2.22839322e+00 1.00000000e+00
 -3.43247831e+00 -7.31509624e+00 -1.00000000e+00
 6.96404824e+00 -2.35517004e+00 -1.00000000e+00
 6.55118602e+00 -5.52999282e+00 -1.00000000e+00
 -7.81339209e+00 -6.78666009e+00 -1.00000000e+00
 -1.03334622e+00 -2.54215297e+00 1.00000000e+00
 9.53065263e+00 2.84246711e+00 -1.00000000e+00
 1.65843467e+00 -2.35821308e+00 1.00000000e+00
 -3.34664741e+00 -7.15694875e+00 -1.00000000e+00
 -2.43007371e+00 5.33540909e+00 1.00000000e+00
 -3.70123606e+00 -2.32754346e+00 1.00000000e+00
 -8.29789201e+00 -9.83391992e+00 -1.00000000e+00
 -6.63357515e+00 1.85661930e+00 1.00000000e+00
 -2.83360620e+00 -7.92358121e+00 -1.00000000e+00
 -5.37403799e-01 -1.69880435e+00 1.00000000e+00
 -3.73170408e+00 9.41893620e+00 1.00000000e+00
 3.83803769e+00 -9.58486611e+00 -1.00000000e+00
 -7.60464464e+00 3.00604143e-01 -1.00000000e+00
 5.45452879e+00 -7.66885832e+00 -1.00000000e+00
 -6.94763992e+00 -1.17506627e+00 -1.00000000e+00
 -5.17570142e+00 3.70290902e+00 1.00000000e+00
 2.30202064e+00 -4.37840856e+00 -1.00000000e+00
 -2.35471980e+00 -6.99621357e+00 -1.00000000e+00
 -9.48806233e+00 5.59389599e+00 -1.00000000e+00
 7.98669577e+00 2.35762311e-01 -1.00000000e+00
 -2.92541696e+00 -3.60921332e+00 1.00000000e+00
 -9.41811530e+00 -6.19534216e+00 -1.00000000e+00
 -4.96591582e+00 3.08794871e+00 1.00000000e+00
 9.44582826e+00 1.37649306e+00 -1.00000000e+00
 -2.61427706e-01 6.61570699e+00 1.00000000e+00
 8.82331030e+00 -4.12953091e+00 -1.00000000e+00
 -9.82413253e+00 4.31312311e-02 -1.00000000e+00
 -8.56620554e+00 6.42555543e+00 1.00000000e+00
 7.61087662e+00 6.25268291e+00 1.00000000e+00
 -8.84374993e+00 -4.96892719e+00 -1.00000000e+00
 -5.07070914e+00 -3.09593322e+00 -1.00000000e+00
 7.74356260e+00 8.62003647e+00 1.00000000e+00
 9.80703392e+00 9.31921899e+00 -1.00000000e+00
 -7.22811442e+00 2.46697369e+00 -1.00000000e+00
 -7.96606793e+00 9.66621447e+00 1.00000000e+00
 7.06809824e+00 -9.07749183e+00 -1.00000000e+00
 4.98324312e+00 -6.74113917e+00 -1.00000000e+00
 8.05775661e+00 -6.65842116e+00 -1.00000000e+00
 5.77858622e+00 3.56013666e+00 1.00000000e+00
 2.57044968e+00 3.57709581e+00 1.00000000e+00
 2.02210407e+00 -5.16037759e-01 1.00000000e+00
 1.07472719e+00 -6.01449544e+00 -1.00000000e+00
 7.66135319e+00 7.71308560e+00 1.00000000e+00
 8.66472367e-02 -8.56853819e+00 -1.00000000e+00
 -9.99613743e+00 1.16477433e+00 -1.00000000e+00
 -4.84841987e+00 7.82698153e+00 1.00000000e+00
 -7.46480586e+00 8.09420889e+00 1.00000000e+00
 -1.93116784e+00 2.86777726e+00 1.00000000e+00
 5.58345946e+00 -1.99233266e+00 -1.00000000e+00
 -4.46016549e+00 -3.81258235e+00 -1.00000000e+00
 5.68271115e+00 6.98126105e+00 1.00000000e+00
 2.28594267e+00 -1.50577828e+00 1.00000000e+00
 8.16372273e+00 -1.34954794e+00 -1.00000000e+00
 3.10123523e+00 -9.92724911e+00 -1.00000000e+00
 -2.95649135e-01 -1.81859863e+00 1.00000000e+00
 -9.93523942e+00 8.38568013e+00 -1.00000000e+00
 8.40116646e+00 -4.60943051e+00 -1.00000000e+00
 -9.81663005e-01 -6.25801460e+00 -1.00000000e+00
 8.46377838e+00 5.57741725e+00 -1.00000000e+00
 -6.19477388e+00 -9.89496042e+00 -1.00000000e+00
 -8.66367881e+00 -7.51633129e+00 -1.00000000e+00
 -5.29842924e-01 5.66288912e+00 1.00000000e+00
 -4.95799946e+00 -7.56705842e+00 -1.00000000e+00
 3.94202052e+00 -5.63254084e+00 -1.00000000e+00
 -9.19512618e+00 -8.53921669e+00 -1.00000000e+00
 -3.19713305e+00 -2.46904283e+00 1.00000000e+00
 3.59068524e+00 -9.72794474e+00 -1.00000000e+00
 -5.32563482e+00 -1.37482377e+00 -1.00000000e+00
 9.09743728e+00 -5.54527751e+00 -1.00000000e+00
 -6.55297752e+00 -1.43784300e+00 -1.00000000e+00
 2.04822544e+00 3.48456857e+00 1.00000000e+00
 2.66944440e+00 -2.38770610e+00 1.00000000e+00
 9.44091012e+00 -6.77988235e+00 -1.00000000e+00
 -9.02390806e+00 -2.77920644e+00 -1.00000000e+00
 8.76037797e+00 -7.75864161e+00 -1.00000000e+00
 -8.62825412e+00 8.55130129e+00 1.00000000e+00
 5.17065734e+00 8.56177475e+00 1.00000000e+00
 -3.29674488e+00 -9.97872431e+00 -1.00000000e+00
 -2.83849014e+00 -1.07583815e+00 1.00000000e+00
 8.59518853e+00 -5.61010448e-01 -1.00000000e+00
 9.16342738e+00 -8.11438380e+00 -1.00000000e+00
 7.72621188e+00 -7.14364492e-02 -1.00000000e+00
 -8.72960940e+00 -1.32391397e-01 -1.00000000e+00
 -5.86844270e+00 -9.49530425e+00 -1.00000000e+00
 9.47532029e+00 8.34330803e-01 -1.00000000e+00
 -8.47567235e+00 6.60903246e-01 -1.00000000e+00
 -5.84804616e+00 6.63321930e-01 1.00000000e+00
 -1.40432229e+00 2.04274315e+00 1.00000000e+00
 -8.10450942e-01 6.33980641e+00 1.00000000e+00
 5.63250563e-01 8.21321807e+00 1.00000000e+00
 8.34252287e+00 5.36613006e+00 -1.00000000e+00
 -7.89618548e-01 -9.98215089e+00 -1.00000000e+00
 -3.93664974e+00 3.31730358e+00 1.00000000e+00
 7.21630933e+00 5.42682445e+00 1.00000000e+00
 -8.89618646e+00 -4.76568434e+00 -1.00000000e+00
 3.04710800e+00 9.95308326e+00 1.00000000e+00
 5.05161887e+00 -8.57088291e+00 -1.00000000e+00
 -2.14064158e+00 5.97448950e+00 1.00000000e+00
 -2.94102506e+00 -7.11759466e+00 -1.00000000e+00
 -2.35543468e+00 -8.88622960e+00 -1.00000000e+00
 -8.27547827e+00 9.18205677e+00 1.00000000e+00
 -2.66842272e+00 7.21637166e+00 1.00000000e+00
 7.12072529e-01 -3.74363564e+00 1.00000000e+00
 7.55249898e+00 -8.27841608e+00 -1.00000000e+00
 -4.51657835e+00 -9.06232443e+00 -1.00000000e+00
 9.10978403e+00 8.33784814e+00 1.00000000e+00
 9.05724777e+00 3.86007682e+00 -1.00000000e+00
 1.87430456e+00 -5.31389370e+00 -1.00000000e+00
 3.35849601e+00 6.84633920e+00 1.00000000e+00
 8.53017157e+00 3.19948052e+00 -1.00000000e+00
 8.18744642e-01 6.86896596e+00 1.00000000e+00
 5.38137478e+00 -1.96417077e+00 -1.00000000e+00
 -6.24171634e+00 1.98993480e+00 1.00000000e+00
 4.97939413e+00 3.42622663e+00 1.00000000e+00
 -2.61140492e+00 7.52043980e+00 1.00000000e+00
 -8.57398342e+00 -7.29317451e+00 -1.00000000e+00
 -6.26452235e+00 -8.16491641e+00 -1.00000000e+00
 3.42862680e-01 -9.44083182e+00 -1.00000000e+00
 -6.59070945e+00 -4.51964163e+00 -1.00000000e+00
 2.11111106e+00 6.83164029e+00 1.00000000e+00
 2.68786701e+00 -5.71745330e+00 -1.00000000e+00
 -3.30936767e+00 3.39688275e+00 1.00000000e+00
 -1.00760531e-02 3.92438433e+00 1.00000000e+00
 -3.30567782e+00 5.87542220e+00 1.00000000e+00
 4.60365949e+00 -5.92053297e+00 -1.00000000e+00
 7.93526046e-01 -7.50761645e-01 1.00000000e+00
 2.94081330e+00 3.04556948e+00 1.00000000e+00
 -1.79144692e-01 -2.24792320e+00 1.00000000e+00
 6.39249584e-01 -1.66885020e+00 1.00000000e+00
 -8.38890135e+00 4.76971235e+00 -1.00000000e+00
 3.04610680e+00 -1.96721832e+00 1.00000000e+00
 -7.68492289e+00 -3.62804304e+00 -1.00000000e+00
 5.13634131e+00 -6.24963450e+00 -1.00000000e+00
 4.87830795e+00 -9.08834947e-01 1.00000000e+00
 -3.61240034e+00 -3.33611548e+00 -1.00000000e+00
 5.05161159e+00 2.91598083e+00 1.00000000e+00
 2.73664789e+00 -5.32672069e+00 -1.00000000e+00
 -1.14756390e+00 -2.08122870e+00 1.00000000e+00
 -6.73324447e+00 -5.26375992e+00 -1.00000000e+00
 1.08375848e+00 7.23548949e+00 1.00000000e+00
 6.23716704e+00 8.12487751e+00 1.00000000e+00
 7.50954085e+00 4.44835752e+00 1.00000000e+00
 -6.97342886e+00 6.07150423e+00 1.00000000e+00
 -5.04556825e+00 -5.33802633e+00 -1.00000000e+00
 6.37159937e-01 -2.28566756e+00 1.00000000e+00
 -3.84239489e+00 6.48905283e+00 1.00000000e+00
 -9.66551881e+00 6.98954247e+00 -1.00000000e+00
 5.17696433e+00 -6.40547506e+00 -1.00000000e+00
 4.26384982e+00 -5.03721682e+00 -1.00000000e+00
 4.14162910e+00 5.39207956e+00 1.00000000e+00
 2.81406222e+00 1.94589395e+00 1.00000000e+00
 7.40479685e+00 -6.26249445e+00 -1.00000000e+00
 -1.59194868e+00 -2.32855312e+00 1.00000000e+00
 7.65860442e+00 -2.58183894e+00 -1.00000000e+00
 -4.06181376e+00 6.25645419e+00 1.00000000e+00
 5.48905292e+00 -8.17076557e+00 -1.00000000e+00
 1.30890177e+00 5.45962519e+00 1.00000000e+00
 -7.82574065e+00 -1.22992292e-01 -1.00000000e+00
 4.10077417e+00 -8.65513288e+00 -1.00000000e+00
 -6.52068083e+00 -7.34559191e+00 -1.00000000e+00
 5.93471517e+00 -9.92584780e-01 -1.00000000e+00
 -5.12800942e+00 -2.59261751e+00 -1.00000000e+00
 8.53393330e+00 4.28984521e-01 -1.00000000e+00
 -7.36018048e+00 -7.47835260e+00 -1.00000000e+00
 9.02202755e+00 3.96653932e-01 -1.00000000e+00
 -6.70564161e+00 -5.42725745e+00 -1.00000000e+00
 1.75761867e+00 4.79559452e+00 1.00000000e+00
 -3.40547436e+00 -8.29132210e+00 -1.00000000e+00
 2.88083800e+00 -2.39537019e+00 1.00000000e+00
 2.20470427e+00 8.83690137e-01 1.00000000e+00
 1.40850552e+00 -7.93832238e+00 -1.00000000e+00
 -8.74311688e+00 1.88031556e+00 -1.00000000e+00
 5.41041867e+00 4.71260204e+00 1.00000000e+00
 7.11720664e+00 -6.63651596e+00 -1.00000000e+00
 -4.66806841e+00 8.09383579e+00 1.00000000e+00
 5.46287416e+00 9.24313167e+00 1.00000000e+00
 4.67177663e+00 1.53481879e-01 1.00000000e+00
 -7.26027776e+00 -6.71548008e+00 -1.00000000e+00
 -4.84551462e+00 -9.47611486e+00 -1.00000000e+00
 -3.61341603e+00 2.04573980e+00 1.00000000e+00
 7.26481894e+00 -8.06598831e+00 -1.00000000e+00
 1.90655946e+00 -4.29571680e+00 1.00000000e+00
 -1.15438720e+00 -6.97422195e+00 -1.00000000e+00
 2.21066894e+00 -2.15906616e+00 1.00000000e+00
 2.61103569e+00 -6.59392542e+00 -1.00000000e+00
 -7.07886504e-01 -5.94789925e+00 -1.00000000e+00
 8.82630251e+00 -1.03834426e-01 -1.00000000e+00
 9.63705785e+00 -9.79312953e-01 -1.00000000e+00
 4.64935632e-01 9.80481190e+00 1.00000000e+00
 -5.80456385e+00 -7.43322579e+00 -1.00000000e+00
